686.603 -490.938 -610.245
607.214 730.994 705.741
404.093 297.794 -87.9534
-169.053 574.712 -681.896
-739.436 -709.048 722.421
-673.701 497.172 480.624
-484.226 577.595 -208.862
-161.441 -607.527 585.021
526.836 -455.869 510.531
179.768 124.913 602.452
652.049 710.914 -447.2
114.421 688.248 203.185
164.888 -345.056 -441.453
-169.913 19.0657 -585.492
-466.912 -143.118 713.897
-642.844 -73.3045 -110.87
-638.763 -633.262 -89.182
-150.403 -269.877 183.182
-501.195 -628.687 -662.975
587.825 100.313 -573.772
